Sample	raw_total_sequences	filtered_sequences	sequences	is_sorted	1st_fragments	last_fragments	reads_mapped	reads_mapped_and_paired	reads_unmapped	reads_properly_paired	reads_paired	reads_duplicated	reads_MQ0	reads_QC_failed	non-primary_alignments	supplementary_alignments	total_length	total_first_fragment_length	total_last_fragment_length	bases_mapped	bases_mapped_(cigar)	bases_trimmed	bases_duplicated	mismatches	error_rate	average_length	average_first_fragment_length	average_last_fragment_length	maximum_length	maximum_first_fragment_length	maximum_last_fragment_length	average_quality	insert_size_average	insert_size_standard_deviation	inward_oriented_pairs	outward_oriented_pairs	pairs_with_other_orientation	pairs_on_different_chromosomes	percentage_of_properly_paired_reads_(%)	reads_mapped_percent	reads_mapped_and_paired_percent	reads_unmapped_percent	reads_properly_paired_percent	reads_paired_percent	reads_duplicated_percent	reads_MQ0_percent	reads_QC_failed_percent
SRS1992958	29799450.0	0.0	29799450.0	0.0	14899725.0	14899725.0	19176796.0	18733934.0	10622654.0	16307410.0	29799450.0	0.0	305029.0	0.0	0.0	70017.0	3729207929.0	1864573193.0	1864634736.0	2400429923.0	2371730251.0	0.0	0.0	29934642.0	0.01262144	125.0	125.0	125.0	126.0	126.0	126.0	36.3	517.3	206.8	9165518.0	46829.0	12293.0	142327.0	54.7	64.35285214995578	62.866710627209564	35.64714785004421	54.72386235316423	100.0	0.0	1.0236061403817855	0.0
SRS1992960	38970284.0	0.0	38970284.0	0.0	19485142.0	19485142.0	29720938.0	28507680.0	9249346.0	20673388.0	38970284.0	0.0	492352.0	0.0	0.0	154112.0	4870468795.0	2435189250.0	2435279545.0	3715390963.0	3654548398.0	0.0	0.0	60583809.0	0.01657764	124.0	125.0	125.0	126.0	126.0	126.0	35.3	642.5	228.0	13533073.0	102432.0	25909.0	592426.0	53.0	76.26564384288295	73.15235372675242	23.73435615711705	53.04910787922408	100.0	0.0	1.2634036744510253	0.0
SRS1992962	40959106.0	0.0	40959106.0	0.0	20479553.0	20479553.0	22836055.0	21655722.0	18123051.0	19059422.0	40959106.0	0.0	265961.0	0.0	0.0	160093.0	5124430116.0	2562152736.0	2562277380.0	2857314231.0	2768615866.0	0.0	0.0	61573201.0	0.0222397	125.0	125.0	125.0	126.0	126.0	126.0	36.4	466.1	201.8	10335473.0	66552.0	14635.0	411201.0	46.5	55.753304283545646	52.8715690230153	44.24669571645436	46.53280762524455	100.0	0.0	0.649333020110351	0.0
SRS1992964	45541312.0	0.0	45541312.0	0.0	22770656.0	22770656.0	33288288.0	32200932.0	12253024.0	28831632.0	45541312.0	0.0	299902.0	0.0	0.0	185070.0	5694666977.0	2847278474.0	2847388503.0	4163540016.0	4078408298.0	0.0	0.0	76702952.0	0.01880708	125.0	125.0	125.0	126.0	126.0	126.0	36.5	461.7	200.1	15572752.0	111671.0	27371.0	388672.0	63.3	73.0947057476078	70.70708020006099	26.905294252392203	63.3087426203268	100.0	0.0	0.6585273608279006	0.0
SRS1992966	29876246.0	0.0	29876246.0	0.0	14938123.0	14938123.0	5672267.0	5449800.0	24203979.0	5104436.0	29876246.0	0.0	56913.0	0.0	0.0	37946.0	3730610668.0	1865224413.0	1865386255.0	708465274.0	690929230.0	0.0	0.0	14753451.0	0.02135306	124.0	125.0	125.0	126.0	126.0	126.0	36.9	407.4	172.7	2634136.0	26441.0	8094.0	56229.0	17.1	18.98587593635425	18.241247578427355	81.01412406364574	17.085265665572575	100.0	0.0	0.19049582065966386	0.0
SRS1992968	34079308.0	0.0	34079308.0	0.0	17039654.0	17039654.0	10802407.0	10263558.0	23276901.0	7268366.0	34079308.0	0.0	60070.0	0.0	0.0	45503.0	4263427287.0	2131658039.0	2131769248.0	1351140303.0	1327021114.0	0.0	0.0	29988552.0	0.0225984	125.0	125.0	125.0	126.0	126.0	126.0	35.4	664.3	224.9	4989097.0	29901.0	11767.0	101014.0	21.3	31.697847268495003	30.11668546790915	68.30215273150499	21.32779808791892	100.0	0.0	0.1762653161854108	0.0
SRS1992970	23184140.0	0.0	23184140.0	0.0	11592070.0	11592070.0	16495213.0	15991512.0	6688927.0	13778564.0	23184140.0	0.0	206290.0	0.0	0.0	98977.0	2900803524.0	1450379480.0	1450424044.0	2064356719.0	2031587163.0	0.0	0.0	33690344.0	0.01658326	125.0	125.0	125.0	126.0	126.0	126.0	35.9	535.8	197.8	7741856.0	41112.0	17043.0	195745.0	59.4	71.14869475425874	68.97608451294721	28.851305245741273	59.430990323557396	100.0	0.0	0.8897893128664682	0.0
SRS1992972	26825386.0	0.0	26825386.0	0.0	13412693.0	13412693.0	19819687.0	19229450.0	7005699.0	16278424.0	26825386.0	0.0	321047.0	0.0	0.0	122946.0	3356449008.0	1678186281.0	1678262727.0	2480790444.0	2451335194.0	0.0	0.0	17861685.0	0.007286512	125.0	125.0	125.0	126.0	126.0	126.0	36.1	543.7	203.3	9261582.0	47199.0	15784.0	290160.0	60.7	73.88407011179635	71.68377744871965	26.11592988820366	60.68290685546892	100.0	0.0	1.196802909005671	0.0
SRS1992974	25703216.0	0.0	25703216.0	0.0	12851608.0	12851608.0	18476893.0	17903044.0	7226323.0	14207872.0	25703216.0	0.0	111283.0	0.0	0.0	74091.0	3215858965.0	1607912010.0	1607946955.0	2312318774.0	2283385138.0	0.0	0.0	28236588.0	0.01236611	125.0	125.0	125.0	126.0	126.0	126.0	35.7	603.6	215.7	8739886.0	42346.0	15551.0	153739.0	55.3	71.8855298107443	69.65293370292652	28.114470189255698	55.27663153124496	100.0	0.0	0.432953603938122	0.0
SRS1992976	8780282.0	0.0	8780282.0	0.0	4390141.0	4390141.0	6172733.0	5951522.0	2607549.0	4727644.0	8780282.0	0.0	49264.0	0.0	0.0	51203.0	1097767107.0	548874394.0	548892713.0	771994166.0	761423263.0	0.0	0.0	9959783.0	0.01308048	125.0	125.0	125.0	126.0	126.0	126.0	35.2	588.1	222.7	2886394.0	15543.0	17628.0	56196.0	53.8	70.30221808365609	67.78281153156584	29.697781916343917	53.84387426280841	100.0	0.0	0.5610753732055531	0.0
SRS1992978	29683724.0	0.0	29683724.0	0.0	14841862.0	14841862.0	15863937.0	15391440.0	13819787.0	13184892.0	29683724.0	0.0	245447.0	0.0	0.0	86897.0	3711006670.0	1855484146.0	1855522524.0	1983477646.0	1958304852.0	0.0	0.0	16664356.0	0.008509582	125.0	125.0	125.0	126.0	126.0	126.0	35.9	551.8	196.6	7478510.0	41586.0	26145.0	149479.0	44.4	53.44321689556203	51.85144559355154	46.556783104437976	44.4179173745181	100.0	0.0	0.8268740135166329	0.0
SRS1992980	38662256.0	0.0	38662256.0	0.0	19331128.0	19331128.0	33051061.0	32172554.0	5611195.0	25399444.0	38662256.0	0.0	827407.0	0.0	0.0	126876.0	4837040929.0	2418463162.0	2418577767.0	4136524375.0	4078856305.0	0.0	0.0	85763447.0	0.02102635	125.0	125.0	125.0	126.0	126.0	126.0	36.0	592.0	217.2	15263364.0	103664.0	15306.0	703943.0	65.7	85.4866332683742	83.21437321195121	14.513366731625801	65.69571108318148	100.0	0.0	2.140089807485626	0.0
SRS1992988	31262834.0	0.0	31262834.0	0.0	15631417.0	15631417.0	19742527.0	19146976.0	11520307.0	16885690.0	31262834.0	0.0	115802.0	0.0	0.0	129193.0	3910037007.0	1954992512.0	1955044495.0	2469330777.0	2432256652.0	0.0	0.0	31159576.0	0.01281097	125.0	125.0	125.0	126.0	126.0	126.0	36.0	521.8	191.0	9330361.0	49794.0	34651.0	158682.0	54.0	63.15015139062569	61.24517054339987	36.84984860937431	54.01202590910344	100.0	0.0	0.3704142753021047	0.0
SRS1992990	20082814.0	0.0	20082814.0	0.0	10041407.0	10041407.0	14099684.0	13520366.0	5983130.0	11586284.0	20082814.0	0.0	162336.0	0.0	0.0	85832.0	2512607542.0	1256281898.0	1256325644.0	1764249202.0	1728943524.0	0.0	0.0	37588569.0	0.02174077	125.0	125.0	125.0	126.0	126.0	126.0	36.2	491.7	224.0	6527007.0	42724.0	20513.0	169939.0	57.7	70.20771093134658	67.32306538316791	29.792289068653428	57.69253253055074	100.0	0.0	0.8083329358126804	0.0
SRS1992991	26257308.0	0.0	26257308.0	0.0	13128654.0	13128654.0	18083365.0	17451668.0	8173943.0	14715630.0	26257308.0	0.0	300411.0	0.0	0.0	98936.0	3277585175.0	1638755982.0	1638829193.0	2257963403.0	2217311662.0	0.0	0.0	46323621.0	0.02089179	124.0	125.0	125.0	126.0	126.0	126.0	36.1	537.7	212.5	8335085.0	85137.0	28280.0	277332.0	56.0	68.86983616142219	66.46404117284224	31.13016383857782	56.04394022418444	100.0	0.0	1.1441043384950202	0.0
SRS1992992	25705270.0	0.0	25705270.0	0.0	12852635.0	12852635.0	18920352.0	18472592.0	6784918.0	17244790.0	25705270.0	0.0	129624.0	0.0	0.0	102635.0	3129536613.0	1564724558.0	1564812055.0	2308018871.0	2273507783.0	0.0	0.0	35068546.0	0.01542486	121.0	122.0	122.0	126.0	126.0	126.0	36.9	397.7	207.7	8644091.0	448442.0	41255.0	102508.0	67.1	73.60495338115491	71.86305376290542	26.395046618845086	67.0865935273195	100.0	0.0	0.5042701360460325	0.0
SRS1992993	21315960.0	0.0	21315960.0	0.0	10657980.0	10657980.0	15045582.0	14575142.0	6270378.0	12899424.0	21315960.0	0.0	63717.0	0.0	0.0	56231.0	2667546218.0	1333747600.0	1333798618.0	1883378672.0	1852352877.0	0.0	0.0	42196048.0	0.0227797	125.0	125.0	125.0	126.0	126.0	126.0	36.3	504.0	201.5	7156335.0	33864.0	15873.0	81499.0	60.5	70.5836471826744	68.37666236941709	29.41635281732561	60.5153321736389	100.0	0.0	0.2989168679243159	0.0
SRS1992994	36174122.0	0.0	36174122.0	0.0	18087061.0	18087061.0	26193305.0	25042676.0	9980817.0	18228846.0	36174122.0	0.0	227903.0	0.0	0.0	163330.0	4526867297.0	2263420354.0	2263446943.0	3278242982.0	3225732134.0	0.0	0.0	53035124.0	0.01644127	125.0	125.0	125.0	126.0	126.0	126.0	34.9	649.2	222.4	12113978.0	54186.0	28004.0	325170.0	50.4	72.40895853671306	69.2281515498842	27.59104146328693	50.39195146187653	100.0	0.0	0.6300166732450341	0.0
SRS1992995	29141662.0	0.0	29141662.0	0.0	14570831.0	14570831.0	22520142.0	21619706.0	6621520.0	17760782.0	29141662.0	0.0	236696.0	0.0	0.0	133808.0	3648589958.0	1824276341.0	1824313617.0	2819835055.0	2772548656.0	0.0	0.0	49145686.0	0.01772582	125.0	125.0	125.0	126.0	126.0	126.0	35.7	562.2	216.8	10491374.0	38376.0	43137.0	236966.0	60.9	77.27816622126768	74.18830813424437	22.721833778732318	60.946359202162185	100.0	0.0	0.8122254660698488	0.0
SRS1992998	29616076.0	0.0	29616076.0	0.0	14808038.0	14808038.0	22349966.0	21625820.0	7266110.0	19624154.0	29616076.0	0.0	326261.0	0.0	0.0	133714.0	3701755828.0	1850831906.0	1850923922.0	2793912170.0	2741202542.0	0.0	0.0	49061673.0	0.01789786	124.0	125.0	125.0	126.0	126.0	126.0	36.6	441.4	193.1	10426973.0	88379.0	23904.0	273654.0	66.3	75.46565588229852	73.02054465284328	24.534344117701483	66.2618302303114	100.0	0.0	1.1016348013153396	0.0
SRS1992999	29874292.0	0.0	29874292.0	0.0	14937146.0	14937146.0	24228649.0	23489954.0	5645643.0	19398192.0	29874292.0	0.0	242911.0	0.0	0.0	108966.0	3737242855.0	1868582541.0	1868660314.0	3031294485.0	2991584812.0	0.0	0.0	33449341.0	0.01118114	125.0	125.0	125.0	126.0	126.0	126.0	35.9	577.2	204.9	11358830.0	64931.0	34874.0	286342.0	64.9	81.10200235038207	78.62932450415896	18.89799764961794	64.93272543496596	100.0	0.0	0.8131104830869297	0.0
SRS1993000	22992896.0	0.0	22992896.0	0.0	11496448.0	11496448.0	18801515.0	18459472.0	4191381.0	17084144.0	22992896.0	0.0	220436.0	0.0	0.0	69668.0	2858263020.0	1429070927.0	1429192093.0	2337439642.0	2317865374.0	0.0	0.0	10593457.0	0.00457035	124.0	124.0	124.0	126.0	126.0	126.0	36.9	424.8	196.4	8951912.0	158995.0	31596.0	87233.0	74.3	81.77097395647769	80.28337100293935	18.22902604352231	74.30183653246638	100.0	0.0	0.958713508728957	0.0
SRS1993001	37390614.0	0.0	37390614.0	0.0	18695307.0	18695307.0	27017751.0	26048088.0	10372863.0	22108534.0	37390614.0	0.0	454075.0	0.0	0.0	147259.0	4680865805.0	2340372275.0	2340493530.0	3382428642.0	3318742547.0	0.0	0.0	51828774.0	0.01561699	125.0	125.0	125.0	126.0	126.0	126.0	36.3	501.5	222.9	12516156.0	65810.0	17864.0	424214.0	59.1	72.258110016594	69.66477736899425	27.741889983405997	59.12856632950718	100.0	0.0	1.2144090492870752	0.0
SRS1993002	24462554.0	0.0	24462554.0	0.0	12231277.0	12231277.0	17949915.0	17382050.0	6512639.0	15774336.0	24462554.0	0.0	271507.0	0.0	0.0	123318.0	3054242645.0	1527104183.0	1527138462.0	2242105104.0	2200522152.0	0.0	0.0	36954785.0	0.01679364	124.0	125.0	125.0	126.0	126.0	126.0	36.3	453.4	189.0	8366970.0	76723.0	36129.0	211203.0	64.5	73.37710935661093	71.0557450379057	26.622890643389074	64.4836021619002	100.0	0.0	1.1098881989182323	0.0
SRS1993003	32782488.0	0.0	32782488.0	0.0	16391244.0	16391244.0	25796326.0	25197960.0	6986162.0	23720830.0	32782488.0	0.0	323247.0	0.0	0.0	150277.0	4064857882.0	2032373477.0	2032484405.0	3200742922.0	3150067554.0	0.0	0.0	50018162.0	0.01587844	123.0	124.0	124.0	126.0	126.0	126.0	37.1	381.0	177.9	12054566.0	279305.0	39392.0	225717.0	72.4	78.68934780056962	76.86408670385238	21.31065219943038	72.35823589716559	100.0	0.0	0.9860355931496109	0.0
SRS1993004	30052042.0	0.0	30052042.0	0.0	15026021.0	15026021.0	21846779.0	20973884.0	8205263.0	19194394.0	30052042.0	0.0	288821.0	0.0	0.0	162395.0	3751571887.0	1875737045.0	1875834842.0	2728263722.0	2649001972.0	0.0	0.0	65174693.0	0.02460349	124.0	125.0	125.0	126.0	126.0	126.0	36.7	400.9	187.6	9992574.0	118309.0	16447.0	359612.0	63.9	72.69648764633033	69.7918763723277	27.303512353669678	63.87051502190766	100.0	0.0	0.9610694674258741	0.0
SRS1993006	31630876.0	0.0	31630876.0	0.0	15815438.0	15815438.0	24759023.0	24020182.0	6871853.0	21544720.0	31630876.0	0.0	304269.0	0.0	0.0	152238.0	3946891810.0	1973404352.0	1973487458.0	3091039489.0	3039473666.0	0.0	0.0	47504318.0	0.01562913	124.0	125.0	125.0	126.0	126.0	126.0	36.3	473.6	194.9	11569896.0	112318.0	37032.0	290845.0	68.1	78.27485713642581	75.93903501123395	21.725142863574188	68.11294129191995	100.0	0.0	0.9619366849024351	0.0
SRS1993058	14781754.0	0.0	14781754.0	0.0	7390877.0	7390877.0	11759402.0	11204966.0	3022352.0	9834412.0	14781754.0	0.0	217776.0	0.0	0.0	57681.0	1841413174.0	920685331.0	920727843.0	1465582547.0	1426906184.0	0.0	0.0	37479735.0	0.02626643	124.0	125.0	125.0	126.0	126.0	126.0	36.6	428.3	208.8	5228002.0	81396.0	10439.0	282646.0	66.5	79.5534954782768	75.80268214448705	20.4465045217232	66.53075135738288	100.0	0.0	1.4732757695737597	0.0
SRS1993062	33789356.0	0.0	33789356.0	0.0	16894678.0	16894678.0	27335063.0	26732266.0	6454293.0	24676494.0	33789356.0	0.0	492215.0	0.0	0.0	142023.0	4211759853.0	2105833929.0	2105925924.0	3410043528.0	3353367885.0	0.0	0.0	57314536.0	0.01709163	124.0	125.0	125.0	126.0	126.0	126.0	37.1	393.5	194.9	12865212.0	188671.0	23266.0	288984.0	73.0	80.89844328492084	79.11445841110437	19.101556715079152	73.030376784926	100.0	0.0	1.4567161327371851	0.0
SRS1993066	33707248.0	0.0	33707248.0	0.0	16853624.0	16853624.0	17459496.0	16794064.0	16247752.0	14050822.0	33707248.0	0.0	290682.0	0.0	0.0	72045.0	4188165754.0	2094040340.0	2094125414.0	2173956022.0	2133074238.0	0.0	0.0	35665899.0	0.01672042	124.0	124.0	124.0	126.0	126.0	126.0	36.3	516.5	239.8	8046827.0	125472.0	17204.0	207529.0	41.7	51.79745317683603	49.82330209811255	48.20254682316396	41.68486848881878	100.0	0.0	0.8623723894635362	0.0
SRS1993078	27225716.0	0.0	27225716.0	0.0	13612858.0	13612858.0	22852651.0	22460940.0	4373065.0	18532452.0	27225716.0	0.0	823677.0	0.0	0.0	68568.0	3408675157.0	1704285521.0	1704389636.0	2861544842.0	2838601214.0	0.0	0.0	22983759.0	0.008096861	125.0	125.0	125.0	126.0	126.0	126.0	36.2	560.8	211.3	10772417.0	47075.0	10209.0	400769.0	68.1	83.93774106804022	82.49898735445562	16.062258931959768	68.06965884753959	100.0	0.0	3.025363961043302	0.0
SRS1993092	37581958.0	0.0	37581958.0	0.0	18790979.0	18790979.0	24184307.0	23669006.0	13397651.0	21262690.0	37581958.0	0.0	221962.0	0.0	0.0	92998.0	4699912604.0	2349913908.0	2349998696.0	3025239379.0	2991434615.0	0.0	0.0	32908001.0	0.01100074	125.0	125.0	125.0	126.0	126.0	126.0	36.4	493.0	193.2	11586987.0	68388.0	15051.0	164077.0	56.6	64.3508435616899	62.97970425064069	35.6491564383101	56.5768553091353	100.0	0.0	0.5906078656146654	0.0
SRS1993106	29321094.0	0.0	29321094.0	0.0	14660547.0	14660547.0	23179006.0	22377208.0	6142088.0	16394168.0	29321094.0	0.0	462693.0	0.0	0.0	98368.0	3672129728.0	1836033776.0	1836095952.0	2903267239.0	2861838786.0	0.0	0.0	41613102.0	0.01454069	125.0	125.0	125.0	126.0	126.0	126.0	35.7	626.5	230.0	10614388.0	80775.0	23738.0	469703.0	55.9	79.05232321822643	76.31777995732357	20.94767678177356	55.912538597638964	100.0	0.0	1.5780209292327225	0.0
SRS1993108	22874114.0	0.0	22874114.0	0.0	11437057.0	11437057.0	16750001.0	15611202.0	6124113.0	7959846.0	22874114.0	0.0	219021.0	0.0	0.0	84764.0	2845212325.0	1422606644.0	1422605681.0	2083218482.0	2044865180.0	0.0	0.0	34694972.0	0.01696688	124.0	124.0	124.0	126.0	126.0	126.0	34.5	732.3	311.2	7260774.0	126977.0	32924.0	384926.0	34.8	73.22688432872198	68.24833521420764	26.77311567127802	34.798488807041885	100.0	0.0	0.9575059388092585	0.0
SRS1993116	37915520.0	0.0	37915520.0	0.0	18957760.0	18957760.0	30457952.0	29330672.0	7457568.0	16743154.0	37915520.0	0.0	714737.0	0.0	0.0	141119.0	4681038955.0	2340485614.0	2340553341.0	3765888843.0	3712826484.0	0.0	0.0	65658431.0	0.01768422	123.0	123.0	123.0	126.0	126.0	126.0	35.0	670.3	347.5	13488545.0	400277.0	18542.0	757972.0	44.2	80.33109396890772	77.35795790219942	19.66890603109228	44.159104240163394	100.0	0.0	1.885077667403744	0.0
SRS1993122	37877458.0	0.0	37877458.0	0.0	18938729.0	18938729.0	27706616.0	26429864.0	10170842.0	14007862.0	37877458.0	0.0	487818.0	0.0	0.0	103638.0	4682538210.0	2341246624.0	2341291586.0	3429253396.0	3381297013.0	0.0	0.0	57357139.0	0.01696306	123.0	124.0	124.0	126.0	126.0	126.0	34.8	706.7	349.3	12285439.0	332529.0	17030.0	579934.0	37.0	73.14803437970943	69.77729075694573	26.851965620290567	36.98205407554013	100.0	0.0	1.2878847360876224	0.0
SRS1993132	36408122.0	0.0	36408122.0	0.0	18204061.0	18204061.0	30272299.0	29455230.0	6135823.0	19702078.0	36408122.0	0.0	979458.0	0.0	0.0	136956.0	4471679524.0	2235764186.0	2235915338.0	3724060824.0	3668881362.0	0.0	0.0	74342453.0	0.02026298	122.0	123.0	123.0	126.0	126.0	126.0	36.0	575.8	338.4	13304159.0	555452.0	10341.0	857663.0	54.1	83.14710382480041	80.9029095211228	16.85289617519959	54.11451323965571	100.0	0.0	2.690218407859653	0.0
SRS1993134	21783020.0	0.0	21783020.0	0.0	10891510.0	10891510.0	13144018.0	12520588.0	8639002.0	11631166.0	21783020.0	0.0	188955.0	0.0	0.0	74581.0	2699240565.0	1349588042.0	1349652523.0	1632359069.0	1574324113.0	0.0	0.0	44798230.0	0.02845553	123.0	124.0	124.0	126.0	126.0	126.0	37.4	345.8	188.7	5879819.0	178332.0	8755.0	193388.0	53.4	60.34065983504583	57.47865998378554	39.65934016495417	53.39556223149958	100.0	0.0	0.8674417045937615	0.0
SRS1993140	25917592.0	0.0	25917592.0	0.0	12958796.0	12958796.0	21019407.0	20799378.0	4898185.0	19989740.0	25917592.0	0.0	328228.0	0.0	0.0	74414.0	3170650992.0	1585289640.0	1585361352.0	2581437232.0	2555454088.0	0.0	0.0	30876886.0	0.01208274	122.0	122.0	122.0	126.0	126.0	126.0	37.8	307.9	178.2	9799625.0	502577.0	14730.0	82757.0	77.1	81.10092557981467	80.25196939592227	18.899074420185332	77.12807578728764	100.0	0.0	1.2664293812480727	0.0
SRS1993148	28696022.0	0.0	28696022.0	0.0	14348011.0	14348011.0	21413888.0	21052206.0	7282134.0	19950118.0	28696022.0	0.0	115118.0	0.0	0.0	84923.0	3534326530.0	1767127753.0	1767198777.0	2638571443.0	2607594151.0	0.0	0.0	26354575.0	0.01010686	123.0	123.0	123.0	126.0	126.0	126.0	37.2	342.2	199.0	10015543.0	431081.0	14350.0	65129.0	69.5	74.62319341684363	73.36280269090956	25.37680658315637	69.5222424906142	100.0	0.0	0.40116361773070847	0.0
SRS1993150	23859170.0	0.0	23859170.0	0.0	11929585.0	11929585.0	18988044.0	18625458.0	4871126.0	16905056.0	23859170.0	0.0	298050.0	0.0	0.0	67487.0	2974672976.0	1487313071.0	1487359905.0	2368223518.0	2338333302.0	0.0	0.0	25735866.0	0.01100607	124.0	125.0	125.0	126.0	126.0	126.0	36.9	411.2	214.3	8982954.0	140605.0	7832.0	181338.0	70.9	79.58384134904945	78.06414892051987	20.416158650950557	70.85349574188876	100.0	0.0	1.249205232202126	0.0
SRS1993166	24657678.0	0.0	24657678.0	0.0	12328839.0	12328839.0	23314178.0	23184422.0	1343500.0	22363916.0	24657678.0	0.0	468662.0	0.0	0.0	43455.0	3036980129.0	1518450063.0	1518530066.0	2872125485.0	2859260673.0	0.0	0.0	9194913.0	0.003215836	123.0	123.0	123.0	126.0	126.0	126.0	37.8	319.0	177.9	11019752.0	496745.0	6592.0	69122.0	90.7	94.55139287649064	94.02516327774254	5.448607123509359	90.69757501091547	100.0	0.0	1.9006736968501252	0.0
SRS1993172	22856780.0	0.0	22856780.0	0.0	11428390.0	11428390.0	18395287.0	18064546.0	4461493.0	16706028.0	22856780.0	0.0	288355.0	0.0	0.0	78952.0	2841072570.0	1420506607.0	1420565963.0	2287592484.0	2258226037.0	0.0	0.0	30212782.0	0.01337899	124.0	124.0	124.0	126.0	126.0	126.0	37.1	385.5	207.5	8680947.0	205037.0	8135.0	138154.0	73.1	80.48065825544981	79.03364340908911	19.519341744550196	73.09003280427076	100.0	0.0	1.2615731524737956	0.0
